2
amb: 0.100000 0.100000 0.100000
sphere
pos: -20.000000 0.000000 -35.000000
rad: 5.000000
dif: 0.783099 0.394383 0.840188
spe: 0.500000 0.500000 0.500000
shi: 10.000000
light
pos: 0.000000 10.000000 -35.000000
col: 1.000000 1.000000 1.000000